-2 -0.653644
-1.96 -0.707504
-1.92 -0.75938
-1.88 -0.808332
-1.84 -0.85342
-1.8 -0.893706
-1.76 -0.928251
-1.72 -0.948393
-1.68 -0.947096
-1.64 -0.943086
-1.6 -0.939807
-1.56 -0.940705
-1.52 -0.949224
-1.48 -0.968809
-1.44 -0.903976
-1.4 -0.807921
-1.36 -0.734001
-1.32 -0.686103
-1.28 -0.668112
-1.24 -0.683914
-1.2 -0.737394
-1.16 -0.535039
-1.12 -0.376695
-1.08 -0.264809
-1.04 -0.201827
-1 -0.190197
-0.96 -0.232364
-0.92 -0.20386
-0.88 0.0206512
-0.84 0.187134
-0.8 0.295476
-0.76 0.345561
-0.72 0.337277
-0.68 0.270509
-0.64 0.387371
-0.6 0.568204
-0.56 0.694248
-0.52 0.767813
-0.48 0.791205
-0.44 0.766734
-0.4 0.696707
-0.36 0.829713
-0.32 0.923576
-0.28 0.982401
-0.24 1.01029
-0.2 1.01136
-0.16 0.989694
-0.12 0.969683
-0.08 0.975944
-0.04 0.972676
0 0.964644
0.04 0.956614
0.08 0.953351
0.12 0.959622
0.16 0.886013
0.2 0.78395
0.24 0.704618
0.28 0.652121
0.32 0.630567
0.36 0.64406
0.4 0.696707
0.44 0.488172
0.48 0.325208
0.52 0.21013
0.56 0.14525
0.6 0.132881
0.64 0.175335
0.68 0.147196
0.72 -0.0778465
0.76 -0.244339
0.8 -0.352377
0.84 -0.402057
0.88 -0.393476
0.92 -0.32673
0.96 -0.440588
1 -0.617291
1.04 -0.739925
1.08 -0.810871
1.12 -0.832511
1.16 -0.807225
1.2 -0.737394
1.24 -0.866652
1.28 -0.957387
1.32 -1.01324
1.36 -1.03784
1.4 -1.03485
1.44 -1.00788
1.48 -0.98952
1.52 -1.01191
1.56 -1.01977
1.6 -1.01563
1.64 -1.00202
1.68 -0.981466
1.72 -0.956495
1.76 -0.947627
1.8 -0.947627
1.84 -0.947627
1.88 -0.947627
1.92 -0.947627
1.96 -0.947627
